Timestamp,Humidity 1,Temperature 1,Battery 1,Humidity 2,Temperature 2,Battery 2,Humidity 3,Temperature 3,Battery 3
15 Jul 2024 07:05:51,50.66,25.69,3.14,49.80,25.65,3.16,0.00,26.75,3.16
15 Jul 2024 07:10:51,50.44,25.66,3.14,49.71,25.62,3.15,0.00,26.75,3.15
15 Jul 2024 07:15:51,50.24,25.70,3.14,50.54,25.58,3.15,0.00,26.75,3.15
15 Jul 2024 07:20:51,50.50,25.63,3.14,50.16,25.62,3.15,0.00,26.50,3.16
15 Jul 2024 07:25:51,50.70,25.61,3.14,50.80,25.55,3.15,0.00,26.00,3.15
15 Jul 2024 07:30:51,50.86,25.60,3.14,50.11,25.58,3.15,0.00,26.75,3.15
15 Jul 2024 07:36:13,50.62,25.58,3.14,50.25,25.51,3.15,0.00,26.50,3.16
15 Jul 2024 07:40:51,50.39,25.58,3.14,49.99,25.50,3.15,0.00,26.75,3.21
15 Jul 2024 07:45:51,50.36,25.55,3.14,50.14,25.53,3.15,0.00,26.50,3.21
15 Jul 2024 07:50:51,50.58,25.54,3.14,50.17,25.47,3.15,0.00,26.50,3.20
15 Jul 2024 07:55:51,50.55,25.53,3.14,50.58,25.48,3.15,0.00,26.75,3.21
15 Jul 2024 08:05:51,50.63,25.57,3.14,50.42,25.54,3.15,0.00,27.00,3.16
15 Jul 2024 08:10:51,50.28,25.50,3.14,50.34,25.52,3.15,0.00,26.50,3.15
15 Jul 2024 08:16:12,50.30,25.48,3.14,50.54,25.43,3.15,0.00,26.25,3.16
15 Jul 2024 08:20:51,50.27,25.46,3.14,50.55,25.43,3.15,0.00,26.50,3.15
15 Jul 2024 08:25:51,50.17,25.43,3.14,49.97,25.39,3.15,0.00,26.25,3.15
15 Jul 2024 08:30:51,50.11,25.42,3.14,49.11,25.41,3.15,0.00,26.25,3.15
15 Jul 2024 08:35:51,48.11,25.46,3.14,48.47,25.14,3.15,0.00,26.75,3.20
15 Jul 2024 08:40:51,48.08,25.34,3.14,48.33,25.15,3.15,0.00,26.50,3.20
15 Jul 2024 08:50:51,48.58,25.26,3.14,48.57,25.16,3.15,0.00,26.50,3.15
15 Jul 2024 08:55:51,48.62,25.23,3.14,48.57,25.16,3.15,0.00,26.50,3.15
15 Jul 2024 09:05:51,49.29,25.20,3.14,48.57,25.16,3.15,0.00,26.50,3.15
15 Jul 2024 09:10:51,49.57,25.22,3.14,48.57,25.16,3.15,0.00,26.50,3.15
15 Jul 2024 09:16:48,49.54,25.22,3.14,48.57,25.16,3.15,0.00,26.50,3.15
15 Jul 2024 09:20:51,49.47,25.21,3.14,48.57,25.16,3.15,0.00,26.50,3.15
15 Jul 2024 09:25:51,49.87,25.21,3.14,48.57,25.16,3.15,0.00,26.50,3.15
15 Jul 2024 09:30:51,50.19,25.21,3.14,48.57,25.16,3.15,0.00,26.50,3.15
15 Jul 2024 09:35:51,50.64,25.28,3.14,48.57,25.16,3.15,0.00,26.50,3.15
15 Jul 2024 09:40:51,49.88,25.51,3.14,48.57,25.16,3.15,0.00,26.50,3.15
15 Jul 2024 09:45:51,53.30,25.98,3.14,48.57,25.16,3.15,0.00,26.50,3.15
15 Jul 2024 09:50:51,46.95,26.72,3.14,48.57,25.16,3.15,0.00,26.50,3.15
15 Jul 2024 09:55:51,48.20,26.67,3.14,48.57,25.16,3.15,0.00,26.50,3.15
15 Jul 2024 10:05:32,46.98,26.45,3.14,48.57,25.16,3.15,0.00,26.50,3.15
15 Jul 2024 10:10:53,47.31,26.32,3.14,48.57,25.16,3.15,0.00,26.50,3.15
15 Jul 2024 10:15:53,47.40,26.28,3.14,48.57,25.16,3.15,0.00,26.50,3.15
15 Jul 2024 10:21:35,47.89,26.21,3.14,48.57,25.16,3.15,0.00,26.50,3.15
15 Jul 2024 10:30:53,48.13,26.25,3.14,48.57,25.16,3.15,0.00,26.50,3.15
15 Jul 2024 10:35:53,48.06,26.31,3.14,48.57,25.16,3.15,0.00,26.50,3.15
15 Jul 2024 10:40:53,47.90,26.35,3.14,48.57,25.16,3.15,0.00,26.50,3.15
15 Jul 2024 10:45:53,47.82,26.37,3.14,48.57,25.16,3.15,0.00,26.50,3.15
15 Jul 2024 10:55:53,47.96,26.33,3.14,48.57,25.16,3.15,0.00,26.50,3.15
15 Jul 2024 11:05:51,48.48,26.39,3.14,48.57,25.16,3.15,0.00,26.50,3.15
15 Jul 2024 11:10:51,48.28,26.46,3.14,48.57,25.16,3.15,0.00,26.50,3.15
15 Jul 2024 11:15:51,48.21,26.50,3.14,48.57,25.16,3.15,0.00,26.50,3.15
15 Jul 2024 11:25:51,47.81,26.56,3.14,48.57,25.16,3.15,0.00,26.50,3.15
15 Jul 2024 11:35:51,47.67,26.64,3.14,48.57,25.16,3.15,0.00,26.50,3.15
15 Jul 2024 11:40:51,47.63,26.68,3.14,48.57,25.16,3.15,0.00,26.50,3.15
15 Jul 2024 11:45:51,47.57,26.73,3.14,48.57,25.16,3.15,0.00,26.50,3.15
15 Jul 2024 11:55:51,47.16,26.83,3.14,48.57,25.16,3.15,0.00,26.50,3.15
15 Jul 2024 12:05:51,46.92,26.95,3.14,44.98,28.01,3.24,0.00,26.50,3.15
15 Jul 2024 12:10:51,47.02,27.01,3.14,42.81,29.88,3.23,0.00,26.50,3.15
15 Jul 2024 12:15:51,46.79,27.11,3.14,35.63,33.54,3.23,0.00,26.50,3.15
15 Jul 2024 12:20:51,46.79,27.23,3.14,30.03,36.03,3.23,0.00,26.50,3.15
15 Jul 2024 12:26:43,46.86,27.37,3.14,28.96,35.97,3.23,0.00,26.50,3.15
15 Jul 2024 12:30:51,46.85,27.52,3.14,31.05,35.36,3.23,0.00,26.50,3.15
15 Jul 2024 12:36:23,45.98,27.65,3.14,31.27,35.10,3.23,0.00,26.50,3.15
15 Jul 2024 12:40:51,45.48,27.75,3.14,30.91,34.59,3.23,0.00,26.50,3.15
15 Jul 2024 12:45:51,45.58,27.84,3.14,33.73,34.22,3.23,0.00,26.50,3.15
15 Jul 2024 12:50:51,46.96,27.85,3.11,32.61,33.63,3.23,0.00,26.50,3.15
15 Jul 2024 12:56:17,44.35,28.50,3.14,31.67,34.30,3.23,0.00,26.50,3.15
15 Jul 2024 13:05:51,41.55,29.02,3.14,30.30,35.00,3.23,0.00,31.75,3.27
15 Jul 2024 13:10:51,41.99,29.17,3.14,29.54,35.36,3.21,0.00,33.75,3.27
15 Jul 2024 13:16:26,41.55,29.24,3.14,28.22,35.89,3.23,0.00,33.00,3.27
15 Jul 2024 13:20:51,41.45,29.32,3.14,27.37,36.80,3.23,0.00,35.50,3.27
15 Jul 2024 13:26:13,41.67,29.43,3.14,25.95,37.42,3.23,0.00,35.75,3.27
15 Jul 2024 13:30:51,41.38,29.55,3.14,25.47,37.91,3.23,0.00,36.25,3.27
15 Jul 2024 13:35:51,40.33,29.60,3.12,25.20,38.49,3.23,0.00,36.75,3.27
15 Jul 2024 13:40:51,40.49,29.73,3.14,22.78,39.42,3.23,0.00,36.75,3.26
15 Jul 2024 13:45:51,39.71,29.84,3.14,23.97,38.90,3.23,0.00,36.50,3.26
15 Jul 2024 13:50:51,41.04,29.89,3.14,24.03,38.92,3.21,0.00,36.25,3.26
15 Jul 2024 13:55:51,41.05,29.85,3.14,24.50,39.18,3.23,0.00,37.00,3.26
15 Jul 2024 14:05:51,41.32,29.70,3.14,29.34,35.34,3.21,0.00,34.75,3.26
15 Jul 2024 14:10:51,41.87,29.56,3.14,31.89,33.74,3.23,0.00,34.00,3.27
15 Jul 2024 14:16:17,41.49,29.51,3.14,33.72,32.51,3.23,0.00,33.25,3.26
15 Jul 2024 14:20:51,41.49,29.51,3.14,34.96,31.75,3.23,0.00,32.75,3.26
15 Jul 2024 14:25:51,41.49,29.51,3.14,36.33,31.20,3.23,0.00,32.25,3.26
15 Jul 2024 14:30:51,41.49,29.51,3.14,36.86,31.01,3.23,0.00,32.75,3.26
15 Jul 2024 14:35:51,41.49,29.51,3.14,36.58,31.09,3.23,0.00,31.75,3.27
15 Jul 2024 14:40:51,41.49,29.51,3.14,37.71,30.56,3.23,0.00,32.00,3.27
15 Jul 2024 14:45:51,41.49,29.51,3.14,39.19,30.08,3.23,0.00,31.75,3.26
15 Jul 2024 14:50:51,41.49,29.51,3.14,41.11,30.11,3.23,0.00,31.25,3.27
15 Jul 2024 16:05:51,0.00,0.00,0.00,0.00,0.00,0.00,0.00,31.75,3.26
15 Jul 2024 16:07:16,0.00,0.00,0.00,43.58,30.31,3.17,0.00,0.00,0.00
15 Jul 2024 16:10:39,0.00,0.00,0.00,0.00,0.00,0.00,0.00,0.00,0.00
15 Jul 2024 16:14:50,0.00,0.00,0.00,0.00,0.00,0.00,0.00,0.00,0.00
15 Jul 2024 16:15:31,49.58,27.89,3.19,44.26,29.71,3.17,0.00,31.25,3.25
15 Jul 2024 16:22:44,0.00,0.00,0.00,0.00,0.00,0.00,0.00,30.75,3.25
15 Jul 2024 16:25:48,0.00,0.00,0.00,0.00,0.00,0.00,0.00,29.75,3.25
15 Jul 2024 16:35:51,49.74,27.64,3.19,48.80,27.80,3.17,0.00,29.50,3.25
15 Jul 2024 16:40:51,50.38,27.59,3.19,49.75,27.63,3.17,0.00,29.00,3.25
15 Jul 2024 16:45:51,50.14,27.53,3.19,49.84,27.56,3.17,0.00,29.00,3.26
15 Jul 2024 16:50:51,50.65,27.47,3.19,50.28,27.47,3.17,0.00,29.00,3.25
15 Jul 2024 17:06:19,51.45,27.36,3.19,51.32,27.30,3.17,0.00,29.00,3.25
15 Jul 2024 17:11:00,51.72,27.29,3.19,51.59,27.26,3.18,0.00,28.50,3.26
15 Jul 2024 17:16:00,51.90,27.26,3.19,51.62,27.28,3.17,0.00,28.75,3.25
15 Jul 2024 17:21:00,52.10,27.23,3.19,51.80,27.25,3.18,0.00,28.75,3.26
15 Jul 2024 17:26:00,52.23,27.22,3.19,52.18,27.18,3.18,0.00,28.25,3.26
15 Jul 2024 17:31:00,52.34,27.22,3.19,52.08,27.22,3.17,0.00,28.25,3.26
15 Jul 2024 17:36:00,52.43,27.21,3.19,52.20,27.20,3.17,0.00,28.00,3.26
15 Jul 2024 17:46:47,52.32,27.25,3.19,52.60,27.13,3.18,0.00,28.25,3.26
15 Jul 2024 17:51:00,52.71,27.19,3.19,52.61,27.16,3.18,0.00,27.75,3.25
15 Jul 2024 17:56:00,52.61,27.24,3.19,52.78,27.16,3.18,0.00,28.00,3.26
15 Jul 2024 18:06:32,52.79,27.22,3.19,52.86,27.16,3.17,0.00,28.25,3.25
15 Jul 2024 18:10:51,52.78,27.24,3.19,52.94,27.15,3.18,0.00,27.50,3.26
15 Jul 2024 18:26:40,52.97,27.16,3.19,53.00,27.13,3.18,0.00,27.75,3.26
15 Jul 2024 18:31:21,53.00,27.15,3.19,53.20,27.08,3.18,0.00,27.75,3.26
15 Jul 2024 18:36:36,53.02,27.15,3.19,53.21,27.06,3.18,0.00,27.25,3.26
15 Jul 2024 18:46:39,52.96,27.12,3.19,52.97,27.05,3.18,0.00,26.75,3.25
15 Jul 2024 18:50:51,52.94,27.12,3.19,52.65,27.10,3.18,0.00,27.25,3.26
15 Jul 2024 19:05:51,52.75,27.10,3.19,52.24,27.10,3.18,0.00,27.00,3.25
15 Jul 2024 19:10:51,52.69,27.08,3.19,51.73,27.09,3.18,0.00,26.50,3.26
15 Jul 2024 19:15:51,52.32,27.13,3.19,52.03,27.08,3.18,0.00,26.75,3.26
15 Jul 2024 19:21:15,52.37,27.12,3.19,52.30,27.02,3.18,0.00,27.00,3.25
15 Jul 2024 19:26:16,52.60,27.05,3.19,52.15,27.02,3.18,0.00,26.75,3.26
15 Jul 2024 19:30:51,52.46,27.03,3.19,52.09,27.01,3.18,0.00,26.75,3.26
15 Jul 2024 19:35:51,52.65,27.02,3.19,52.23,27.00,3.18,0.00,26.00,3.26
15 Jul 2024 19:40:51,52.57,27.02,3.19,51.97,27.04,3.18,0.00,26.50,3.26
15 Jul 2024 19:45:51,52.55,27.01,3.19,51.83,27.03,3.18,0.00,25.50,3.25
15 Jul 2024 19:50:51,52.39,27.00,3.19,51.61,27.02,3.17,0.00,26.25,3.25
15 Jul 2024 20:05:51,52.02,26.98,3.19,51.43,26.96,3.18,0.00,26.50,3.26
15 Jul 2024 20:11:11,52.02,26.97,3.19,51.38,26.94,3.17,0.00,26.50,3.26
15 Jul 2024 20:15:51,51.83,26.95,3.19,51.38,26.93,3.18,0.00,25.75,3.26
15 Jul 2024 20:20:51,51.76,26.94,3.19,51.37,26.92,3.18,0.00,25.50,3.26
15 Jul 2024 20:25:51,51.74,26.92,3.19,51.00,26.97,3.18,0.00,26.00,3.26
15 Jul 2024 20:30:51,51.66,26.91,3.19,50.92,26.96,3.17,0.00,25.75,3.25
15 Jul 2024 20:36:20,51.41,26.90,3.19,50.85,26.94,3.18,0.00,26.00,3.26
15 Jul 2024 20:40:51,51.28,26.94,3.19,50.73,26.87,3.17,0.00,25.50,3.26
15 Jul 2024 20:45:51,51.29,26.87,3.19,50.75,26.87,3.18,0.00,25.50,3.26
15 Jul 2024 20:50:51,51.17,26.86,3.19,50.65,26.84,3.18,0.00,25.50,3.26
15 Jul 2024 20:55:51,50.93,26.89,3.19,50.41,26.87,3.18,0.00,25.25,3.26
15 Jul 2024 21:05:51,50.70,26.87,3.19,50.39,26.84,3.18,0.00,25.00,3.26
15 Jul 2024 21:10:51,50.62,26.87,3.19,50.51,26.80,3.18,0.00,25.50,3.26
15 Jul 2024 21:16:47,50.78,26.81,3.19,50.48,26.79,3.18,0.00,25.50,3.26
15 Jul 2024 21:20:51,50.80,26.80,3.19,50.12,26.83,3.18,0.00,25.25,3.26
15 Jul 2024 21:25:51,50.65,26.84,3.19,50.04,26.84,3.18,0.00,25.25,3.26
15 Jul 2024 21:30:51,50.71,26.78,3.19,50.13,26.81,3.18,0.00,24.75,3.26
15 Jul 2024 21:35:51,50.66,26.76,3.19,50.14,26.79,3.18,0.00,24.75,3.26
15 Jul 2024 21:40:51,50.72,26.75,3.19,50.13,26.78,3.18,0.00,25.25,3.26
15 Jul 2024 21:45:51,50.66,26.74,3.19,50.05,26.77,3.18,0.00,25.25,3.26
15 Jul 2024 21:50:51,50.61,26.72,3.19,50.36,26.71,3.18,0.00,25.00,3.26
15 Jul 2024 21:55:51,50.66,26.71,3.19,50.40,26.69,3.18,0.00,24.75,3.25
15 Jul 2024 22:05:51,50.70,26.70,3.19,50.29,26.69,3.18,0.00,25.00,3.26
15 Jul 2024 22:10:51,50.66,26.68,3.19,50.30,26.67,3.17,0.00,24.75,3.26
15 Jul 2024 22:15:51,50.62,26.68,3.19,50.35,26.66,3.18,0.00,24.75,3.26
15 Jul 2024 22:20:51,50.48,26.66,3.19,50.18,26.71,3.18,0.00,24.25,3.26
15 Jul 2024 22:25:51,50.63,26.64,3.19,50.11,26.70,3.18,0.00,24.75,3.26
15 Jul 2024 22:30:51,50.55,26.64,3.19,50.10,26.68,3.18,0.00,25.00,3.26
15 Jul 2024 22:35:51,50.59,26.63,3.19,50.04,26.69,3.18,0.00,25.00,3.26
15 Jul 2024 22:40:51,50.47,26.62,3.19,50.10,26.66,3.17,0.00,24.75,3.26
15 Jul 2024 22:45:51,50.46,26.60,3.19,50.05,26.65,3.18,0.00,24.75,3.26
15 Jul 2024 22:50:51,50.54,26.60,3.19,50.06,26.64,3.17,0.00,24.75,3.25
15 Jul 2024 22:55:51,50.49,26.58,3.19,50.05,26.63,3.18,0.00,24.50,3.25
15 Jul 2024 23:05:51,50.32,26.62,3.19,50.11,26.60,3.18,0.00,24.75,3.26
15 Jul 2024 23:10:51,50.48,26.55,3.19,50.18,26.58,3.17,0.00,25.00,3.26
15 Jul 2024 23:15:51,50.53,26.53,3.19,49.99,26.61,3.18,0.00,24.75,3.25
15 Jul 2024 23:20:51,50.45,26.53,3.19,49.97,26.59,3.17,0.00,24.75,3.26
15 Jul 2024 23:25:51,50.17,26.58,3.19,49.92,26.61,3.18,0.00,24.50,3.26
15 Jul 2024 23:30:51,50.49,26.51,3.19,50.01,26.58,3.18,0.00,25.00,3.26
15 Jul 2024 23:35:51,50.57,26.51,3.19,50.28,26.52,3.18,0.00,25.00,3.25
15 Jul 2024 23:40:51,50.60,26.50,3.19,50.11,26.56,3.18,0.00,24.50,3.26
15 Jul 2024 23:45:51,50.68,26.49,3.19,50.20,26.55,3.18,0.00,24.50,3.26
15 Jul 2024 23:50:51,50.65,26.47,3.19,50.17,26.54,3.18,0.00,24.50,3.25
15 Jul 2024 23:55:51,50.56,26.46,3.19,50.30,26.48,3.18,0.00,24.25,3.26
16 Jul 2024 00:05:51,50.49,26.43,3.19,50.29,26.46,3.18,0.00,24.25,3.26
16 Jul 2024 00:10:51,50.30,26.47,3.19,50.28,26.44,3.18,0.00,24.50,3.26
16 Jul 2024 00:15:51,50.57,26.39,3.19,50.33,26.43,3.18,0.00,23.75,3.25
16 Jul 2024 00:20:51,50.43,26.38,3.19,50.09,26.48,3.17,0.00,24.50,3.26
16 Jul 2024 00:25:51,50.46,26.38,3.19,50.27,26.41,3.18,0.00,24.75,3.25
16 Jul 2024 00:30:51,50.45,26.37,3.19,50.04,26.45,3.18,0.00,24.00,3.25
16 Jul 2024 00:35:51,50.35,26.35,3.19,49.99,26.45,3.18,0.00,24.25,3.26
16 Jul 2024 00:40:51,50.12,26.40,3.19,50.13,26.38,3.18,0.00,24.50,3.26
16 Jul 2024 00:45:51,50.21,26.33,3.19,50.10,26.36,3.18,0.00,24.25,3.26
16 Jul 2024 00:50:51,50.05,26.34,3.19,50.08,26.35,3.17,0.00,24.25,3.25
16 Jul 2024 00:55:51,50.21,26.31,3.19,50.09,26.33,3.18,0.00,24.25,3.26
16 Jul 2024 01:05:51,49.98,26.31,3.19,49.94,26.33,3.17,0.00,24.00,3.26
16 Jul 2024 01:10:51,50.09,26.28,3.19,49.78,26.36,3.17,0.00,24.50,3.26
16 Jul 2024 01:15:51,50.08,26.27,3.19,49.73,26.35,3.17,0.00,24.50,3.26
16 Jul 2024 01:20:51,49.96,26.31,3.19,49.97,26.28,3.17,0.00,24.50,3.26
16 Jul 2024 01:25:51,49.99,26.25,3.19,49.92,26.27,3.18,0.00,24.50,3.25
16 Jul 2024 01:30:51,50.03,26.23,3.19,49.87,26.25,3.18,0.00,23.75,3.26
16 Jul 2024 01:35:51,49.94,26.21,3.19,49.67,26.29,3.17,0.00,24.00,3.26
16 Jul 2024 01:40:51,49.66,26.25,3.19,49.82,26.22,3.17,0.00,23.75,3.26
16 Jul 2024 01:45:51,49.86,26.18,3.19,49.75,26.21,3.17,0.00,24.25,3.26
16 Jul 2024 01:50:51,49.83,26.16,3.19,49.59,26.25,3.18,0.00,24.25,3.26
16 Jul 2024 01:55:51,49.80,26.14,3.19,49.57,26.24,3.18,0.00,24.00,3.26
16 Jul 2024 02:05:51,49.62,26.17,3.19,49.68,26.18,3.17,0.00,23.75,3.26
16 Jul 2024 02:10:51,49.78,26.13,3.19,49.62,26.19,3.18,0.00,24.00,3.26
16 Jul 2024 02:15:51,49.76,26.12,3.19,49.50,26.22,3.17,0.00,24.25,3.26
16 Jul 2024 02:20:51,49.54,26.18,3.19,49.45,26.22,3.17,0.00,24.00,3.25
16 Jul 2024 02:25:51,49.67,26.15,3.19,49.72,26.13,3.17,0.00,24.25,3.26
16 Jul 2024 02:30:51,49.71,26.10,3.19,49.71,26.11,3.17,0.00,23.75,3.26
16 Jul 2024 02:35:51,49.81,26.05,3.19,49.55,26.15,3.17,0.00,24.00,3.26
16 Jul 2024 02:40:51,49.84,26.03,3.19,49.71,26.09,3.17,0.00,24.00,3.26
16 Jul 2024 02:45:51,49.87,26.01,3.19,49.78,26.07,3.17,0.00,24.25,3.26
16 Jul 2024 02:50:51,49.87,26.00,3.19,49.83,26.06,3.17,0.00,23.75,3.26
16 Jul 2024 02:55:51,50.05,25.98,3.19,49.85,26.05,3.17,0.00,24.00,3.26
16 Jul 2024 03:05:51,49.83,26.02,3.19,49.87,26.04,3.17,0.00,24.25,3.26
16 Jul 2024 03:10:51,50.03,25.96,3.19,49.71,26.08,3.17,0.00,24.00,3.26
16 Jul 2024 03:15:51,49.86,26.00,3.19,49.92,26.01,3.17,0.00,24.00,3.26
16 Jul 2024 03:20:51,50.18,25.93,3.19,49.96,26.00,3.17,0.00,23.75,3.26
16 Jul 2024 03:25:51,50.15,25.92,3.19,49.96,25.99,3.17,0.00,24.00,3.26
16 Jul 2024 03:30:51,50.12,25.92,3.19,49.99,25.97,3.17,0.00,23.75,3.25
16 Jul 2024 03:35:51,50.03,25.95,3.19,50.00,25.96,3.17,0.00,23.50,3.25
16 Jul 2024 03:40:51,50.24,25.89,3.19,50.06,25.94,3.17,0.00,23.75,3.26
16 Jul 2024 03:45:51,50.24,25.87,3.19,49.93,25.98,3.17,0.00,23.75,3.26
16 Jul 2024 03:50:51,50.10,25.91,3.19,50.10,25.91,3.17,0.00,23.25,3.26
16 Jul 2024 03:55:51,50.38,25.85,3.19,50.15,25.90,3.17,0.00,23.75,3.26
16 Jul 2024 04:05:51,50.38,25.83,3.19,50.11,25.93,3.18,0.00,24.00,3.26
16 Jul 2024 04:10:51,50.50,25.81,3.19,50.24,25.87,3.17,0.00,24.00,3.25
16 Jul 2024 04:15:51,50.38,25.80,3.19,50.07,25.91,3.17,0.00,23.25,3.25
16 Jul 2024 04:20:51,50.27,25.84,3.19,50.27,25.84,3.17,0.00,23.25,3.26
16 Jul 2024 04:25:51,50.55,25.77,3.19,50.36,25.83,3.17,0.00,24.00,3.25
16 Jul 2024 04:30:51,50.46,25.75,3.19,50.20,25.87,3.17,0.00,23.75,3.25
16 Jul 2024 04:35:51,50.59,25.74,3.19,50.46,25.80,3.17,0.00,23.25,3.25
16 Jul 2024 04:40:51,50.69,25.73,3.19,50.33,25.84,3.17,0.00,23.50,3.25
16 Jul 2024 04:45:51,50.66,25.74,3.19,50.60,25.78,3.17,0.00,23.50,3.26
16 Jul 2024 04:50:51,50.85,25.72,3.19,50.69,25.76,3.17,0.00,23.75,3.25
16 Jul 2024 04:55:51,50.80,25.75,3.19,50.78,25.76,3.17,0.00,23.50,3.26
16 Jul 2024 05:05:51,50.86,25.70,3.19,50.62,25.81,3.17,0.00,23.75,3.26
16 Jul 2024 05:10:51,50.99,25.69,3.19,50.68,25.78,3.17,0.00,23.50,3.26
16 Jul 2024 05:15:51,51.00,25.69,3.19,50.91,25.71,3.17,0.00,23.50,3.26
16 Jul 2024 05:20:51,51.03,25.66,3.19,50.93,25.70,3.17,0.00,23.50,3.26
16 Jul 2024 05:25:51,51.13,25.65,3.19,50.82,25.74,3.17,0.00,23.25,3.25
16 Jul 2024 05:30:51,50.90,25.69,3.19,51.01,25.67,3.17,0.00,23.25,3.26
16 Jul 2024 05:35:51,51.00,25.67,3.19,51.03,25.66,3.17,0.00,23.25,3.26
16 Jul 2024 05:40:51,51.08,25.61,3.19,50.86,25.70,3.17,0.00,23.50,3.26
16 Jul 2024 05:45:51,51.08,25.60,3.19,50.93,25.67,3.17,0.00,23.50,3.26
16 Jul 2024 05:50:51,51.18,25.59,3.19,51.00,25.67,3.17,0.00,23.50,3.25
16 Jul 2024 05:55:51,51.13,25.62,3.19,51.10,25.66,3.17,0.00,23.75,3.25
16 Jul 2024 06:05:51,51.26,25.57,3.19,51.13,25.64,3.17,0.00,23.25,3.25
16 Jul 2024 06:10:51,51.23,25.55,3.19,51.37,25.56,3.17,0.00,23.50,3.26
16 Jul 2024 06:15:51,51.29,25.53,3.19,51.41,25.54,3.17,0.00,23.00,3.26
16 Jul 2024 06:20:51,51.53,25.52,3.19,51.46,25.54,3.17,0.00,23.50,3.25
16 Jul 2024 06:25:51,51.42,25.50,3.19,51.48,25.52,3.17,0.00,23.50,3.26
16 Jul 2024 06:30:51,51.60,25.48,3.19,51.51,25.51,3.17,0.00,23.50,3.26
16 Jul 2024 06:35:51,51.60,25.46,3.19,51.58,25.49,3.17,0.00,22.75,3.26
16 Jul 2024 06:40:51,51.62,25.45,3.19,51.46,25.54,3.17,0.00,22.75,3.26
16 Jul 2024 06:45:51,51.67,25.43,3.19,51.48,25.52,3.17,0.00,23.00,3.26
16 Jul 2024 06:50:51,51.83,25.41,3.19,51.57,25.52,3.17,0.00,23.50,3.25
16 Jul 2024 06:55:51,51.98,25.41,3.19,51.66,25.52,3.17,0.00,23.25,3.26